0000000000100000100001000	0010000010100000000001000	0	2	1	4	192	341780
0100000000001000010000100	0100011000001100000000100	1	0	2	4	83	656699
0000000000000000000000000	0000000000000000000000000	0	0	0	0	214290	52,04515311
1000010000100001000001000	1000001100000100000000100	2	4	0	0	143	
0000000000000001000000001	0000000000000001100000111	0	3	4	4	91	
0000010000000000100000000	0100010100000100000000100	0	1	2	4	117	
0001000010000100000100001	0001000000000001100000111	4	4	3	0	181	
0000111111000000000000000	0011111000000000000000000	0	1	4	0	92	
0011111100000000000000000	0011111000000000000000000	0	1	4	0	131	
0000100000000100001000010	0000100000000000011011010	3	4	4	0	92	
1000011000010000110000100	1000001100000100000000100	0	0	2	4	140	
0100001000010001100011000	0111011000000000000010000	0	4	1	0	91	
0000000000110000011000001	0000000000100000110000011	0	2	4	4	92	
0000000000000001000010000	0001000000000001000010000	0	3	0	4	2003	
0000000000000000001111110	0000000000000000011111000	0	4	4	3	164	
0000000000000000000101111	0000000000000000011101000	1	4	4	3	181	
0000011000111110000000000	0000011000001110000000000	0	1	4	2	92	
0000000000000001100000100	0000000000000001000001100	0	3	2	4	149	
0000000010000000000100000	0001000000000001000101100	4	3	3	0	93	
0000000000000001111100111	0000000000000001100000111	0	3	4	4	93	
0000000000000001111100011	0000000000000001100000111	0	3	4	4	93	
0000100001000110001100011	0000100000000000011011010	3	4	4	0	140	
1111000111000000000000000	1100000111000000000000000	0	0	4	1	124	
0000000000100001100001110	0000000000100000100000110	0	2	3	4	131	
0000010000010000010000010	0000010000010000010000010	0	1	3	4	202	
0000000000111000000100000	0000000000110000011100000	0	2	4	3	93	
0000000000000000011111111	0000000000000000011111000	0	4	4	3	164	
0010100000000000000000000	0011100000000000000000000	2	0	4	0	103	
0000000011110000000000000	0000000111110000000000000	0	2	4	1	141	
0000000001000000000000001	0000000001000000000001111	4	4	4	1	93	
0011011000100000000000000	0011001000100000000000000	0	2	3	0	91	
0100000110000010000000000	0100000100000110000000000	1	0	4	2	93	
0000100000000001000001000	0000000000000001000001000	0	3	1	4	93	
0001000000000010000000000	0001000000000011000001000	3	0	4	2	204	
1110000011000000000000000	1100000111000000000000000	0	0	4	1	117	
0011110000000000000000000	0011111000000000000000000	0	1	4	0	93	
0000000000111110000100000	0000000000110000011100000	0	2	4	3	94	
0011001100110001000000000	0011001000100000000000000	0	2	3	0	182	
0100001000000000010000100	0100011000001100000000100	1	0	2	4	94	
0000001100000010000000000	0000011000001110000000000	0	1	4	2	91	
0001000110001000010000100	0001000000001101100000100	2	4	3	0	94	
0011011000000000000000000	0111010000000000000000000	0	1	3	0	132	
0000011000000110000000000	0000011000001110000000000	0	1	4	2	125	
0000100010001000100010000	0000100010001000100010000	0	4	4	0	141	
0010000100001000010001000	0010000110110000000001000	1	4	2	0	143	
0000000000000000000011000	0000000000000000000011000	0	4	1	4	2047	
1111000011000000000000000	1100000111000000000000000	0	0	4	1	150	
0000000000000001110000011	0000000000000001100000111	0	3	4	4	94	
0100001000100000000000000	0100010000100000000000000	0	2	1	0	183	
0110000110000010000000000	0100000100000110000000000	1	0	4	2	91	
0000101100000000000000000	0001101100100000000000000	0	2	4	0	95	
0000000000000010000100001	0000000000000010000000111	4	4	4	2	957	
0000001110000000000000000	0000011111000000000000000	0	1	4	1	165	
0000000000000011000000000	0000000000001111100000000	0	3	4	2	81	
0000000000000100000000001	0010000000100000110000011	4	4	2	0	90	
0000000000000000010000010	0000000000100000100000110	3	4	0	2	162	
0000000000000010011111100	0000000000000110110010000	0	4	4	2	124	
0000000000000001110001111	0000000000000001100000111	0	3	4	4	140	
0100011000110001000010000	0111011000000000000010000	0	4	1	0	90	
0011000100011000100011000	0001000100010001000010000	0	4	3	0	81	
0000010000110000110000110	0000010000010000010000010	0	1	3	4	179	
0000000000111110011100000	0000000000110000011100000	0	2	4	3	90	
1100000110000010000000000	1000001100000110000000000	0	0	4	2	105	
0100001000010000100001000	0100011110000000000001000	1	0	1	4	1487	
0100001000011000010000100	0100011000001100000000100	2	4	1	0	155	
0001000001000010000100000	0001000000000001000101100	3	0	4	3	162	
0001000100001000010001000	0001000010011001000001000	1	4	3	0	90	
0000000000100001110000110	0000000000100000100000110	0	2	3	4	90	
0000011111001110000000000	0000011000001110000000000	0	1	4	2	90	
0000000100001000010000000	0010000000111100000000100	2	4	2	0	90	
0000010000100001100001000	0100010110000000000001000	0	1	1	4	199	
1000001000001000001000001	1000001000001000001000001	0	0	4	4	149	
0000000000111100011100000	0000000000110000011100000	0	2	4	3	81	
0000000000000010110000000	0000000000001111100000000	0	3	4	2	91	
0111011000100000000000000	0011001000100000000000000	0	2	3	0	102	
0001000001000010000100001	0001000000000001100000111	3	0	4	4	149	
0010000100001100001000010	0010000000110000011000010	2	0	3	4	163	
0111111100000000000000000	0011111000000000000000000	0	1	4	0	130	
0110001100010000100001000	0010000110110000000001000	1	4	2	0	91	
0000000000100000100001100	0000000000100000100000100	0	2	2	4	104	
0000100001000010001100010	0000100000000000011011010	3	4	4	0	180	
0001001000100000000000000	0011001000100000000000000	0	2	3	0	84	
0100000100000100001000001	0100010000010000010000011	4	4	1	0	81	
0000100011000100001000010	0000100000000000011011010	3	4	4	0	99	
0100001000010000100010000	0111011000000000000010000	0	4	1	0	150	
0000100010000100010000100	0000100000000100110010100	2	4	4	0	186	
0000000001000110011001100	0000000001000100010001000	1	4	4	1	167	
0000000000000000001111000	0000000000000000011111000	0	4	4	3	153	
0001100010000100001000010	0000100000000000011011010	3	4	4	0	135	
0000011111100000000000000	0000000111110000000000000	0	2	4	1	99	
0000000000000001100000011	0000000000000001100000111	0	3	4	4	141	
0001000100010001000000000	0001000100010001000000000	0	3	3	0	188	
0100010000100001000000000	0110010000000001000000000	0	3	1	0	165	
1000010000110000100001000	1100000110000000000001000	0	0	1	4	206	
0000000000000000001111100	0000000000000000011111000	0	4	4	3	96	
0000000011100000000000000	0000000111110000000000000	0	2	4	1	96	
0001000001000000000000000	0001000001000000000000000	3	0	4	1	995	
0000010000100001100001100	0100010100000100000000100	0	1	2	4	96	
1000001000010000010000100	1000001100000100000000100	2	4	0	0	170	
0000010000111110000000000	0000011000001110000000000	0	1	4	2	96	
0001000011000110000100001	0001000000000001100000111	3	0	4	4	96	
0010000010000100000100000	0010000000100000100100100	2	0	4	3	96	
0111011000000000000000000	0111010000000000000000000	0	1	3	0	183	
0000000000000000001001000	0000000000000110010001000	1	4	4	2	151	
0100001000000001000010000	0111011000000000000010000	0	4	1	0	117	
1110000111000000000000000	1100000111000000000000000	0	0	4	1	141	
0000000001000010001000100	0000000001000100010001100	2	4	4	1	105	
0001000010000110000100001	0001000000000001100000111	3	0	4	4	208	
0000000000000000000011100	0000000000000000000011100	0	4	2	4	996	
0000000000000000011111110	0000000000000000011111000	0	4	4	3	133	
0010001000010000100001000	0010000110110000000001000	1	4	2	0	165	
0100010000000000000000000	0100010000000000000000000	0	1	1	0	960	
0000000111100000000000000	0000000111110000000000000	0	2	4	1	97	
1100000011000000000000000	1100000111000000000000000	0	0	4	1	125	
1110000001000000000000000	1100000111000000000000000	0	0	4	1	97	
0010000000000010000000000	0010000010000010000000000	2	0	4	2	97	
0000000000000011110000000	0000000000001111100000000	0	3	4	2	97	
0000100011001100110011000	0000100010001000100010000	0	4	4	0	126	
0011100000000000000000000	0011100000000000000000000	4	0	2	0	999	
0100001000110001000010000	0111011000000000000010000	0	4	1	0	208	
0001000010000100001000010	0001000000000001111000010	3	4	3	0	1519	
1000011111000000000000000	1100000111000000000000000	0	0	4	1	97	
0000000000111110001100000	0000000000110000011100000	0	2	4	3	97	
0000000000001111000000000	0000000000001111100000000	0	3	4	2	104	
0000010000100001000011000	0100010110000000000001000	0	1	1	4	165	
0000000000000000000101100	0000000000000000011101000	1	4	4	3	141	
0100011000100001000010000	0111011000000000000010000	0	4	1	0	184	
0000000000111110111100000	0000000000111110000000000	0	2	4	2	97	
0010000100001000001000010	0010000000110000011000010	2	0	3	4	209	
1000011000010000100001000	1100000110000000000001000	0	0	1	4	117	
0011111100100000000000000	0001101100100000000000000	0	2	4	0	125	
1000010000100000000000000	1100000000100000000000000	0	0	0	2	971	
0010000011000000000000000	0010000011000000000000000	2	0	4	1	166	
0000100001000010000000000	0000100000000010000011000	4	0	4	2	975	
0000000000111110000000000	0000000000111110000000000	0	2	4	2	977	
0000000000100000110000110	0000000000100000100000110	0	2	3	4	101	
0110011000000000000000000	0110010000000000000000000	0	1	2	0	209	
0000000010000010000000000	0001000000000011000001000	4	2	3	0	184	
0010000010000010000100000	0010000000100000100100100	2	0	4	3	141	
0011000010000010000100000	0010000000100000100100100	2	0	4	3	98	
0110001000100000000000000	0010001000100000000000000	0	2	2	0	98	
0001111111000000000000000	0011111000000000000000000	0	1	4	0	98	
1100011000100001000000000	0110010000000001000000000	0	3	1	0	98	
1111111100000000000000000	0011111000000000000000000	0	1	4	0	152	
0100011000100001000000000	0100010000100000000000000	0	2	1	0	209	
0000000000000000001101110	0000000000000000011101000	1	4	4	3	167	
0000011111000110000000000	0000011111000000000000000	0	1	4	1	81	
0001000010001100010000100	0001000000001101100000100	2	4	3	0	185	
0100011000000000000000000	0100010000000000000000000	0	1	1	0	117	
0000000001011000000000000	0000000111110000000000000	0	2	4	1	98	
0000000000011000000100000	0000000000110000011100000	0	2	4	3	96	
0001000010000100001000001	0001000000000001100000111	4	4	3	0	142	
0000011111011110000000000	0000011111000000000000000	0	1	4	1	98	
0001101100100000000000000	0001101100100000000000000	0	2	4	0	98	
0001100000000000000000000	0001100000000000000000000	3	0	4	0	2091	
0000100001000010000100010	0000100000000000011011010	3	4	4	0	168	
0010000010000110000100000	0010000010000010000000000	2	0	4	2	135	
0000011100000010000000000	0000011000001110000000000	0	1	4	2	99	
0000000000000001100000110	0000000000000001000001110	0	3	3	4	167	
0100001000010001100010000	0111011000000000000010000	0	4	1	0	132	
0000000000100001111100000	0000000000110000011100000	0	2	4	3	99	
0000000000111101111100000	0000000000110000011100000	0	2	4	3	99	
0000000000000000110000001	0000000000000001100000111	4	4	0	3	99	
0000000000110000001100000	0000000000110000011100000	0	2	4	3	135	
0010000100000100001000010	0010000000110000011000010	3	4	2	0	210	
0001000010000100001000100	0001000000001101100000100	2	4	3	0	143	
0110001000110001000010000	0011001100100000000010000	0	4	2	0	125	
0000000100000010000000000	0100000100000110000000000	4	2	1	0	102	
0000000000000000100000010	0000000000000001000001110	3	4	0	3	118	
0000000000000010010001000	0000000000000110010001000	1	4	4	2	81	
0000000011011001000000000	0000000011011001000000000	0	3	4	1	81	
0000000000000001000000110	0000000000000001000001110	3	4	0	3	114	
0000000000000001100001000	0000000000000001000001000	0	3	1	4	101	
0000111000000000000000000	0011111000000000000000000	0	1	4	0	103	
0010000100001000010000100	0010000000111100000000100	2	4	2	0	1550	
0010000010000100000100001	0010000000100000110000011	4	4	2	0	189	
1000010000100001100001000	1100000110000000000001000	1	4	0	0	167	
1110001111000000000000000	1100000111000000000000000	0	0	4	1	84	
0001000010000100001100001	0001000000000001100000111	4	4	3	0	119	
0001000010001100011000110	0001000000001101100000100	2	4	3	0	81	
0000000000000001111100000	0000000000000001111100000	0	3	4	3	1021	
1100011000010000100001000	0100011110000000000001000	1	4	1	0	81	
0000000000000001111000111	0000000000000001100000111	0	3	4	4	81	
0010001100010001000010000	0011001100100000000010000	0	4	2	0	84	
0010000110000100001100001	0010000000100000110000011	4	4	2	0	126	
0000000000000001110000111	0000000000000001100000111	0	3	4	4	135	
0010001000100001000000000	0010001000100001000000000	0	3	2	0	135	
0011010000000000000000000	0111010000000000000000000	0	1	3	0	156	
1000010000010000100000100	1000001100000100000000100	2	4	0	0	168	
1000001000010000100001000	1100000110000000000001000	1	4	0	0	125	
0001000010000100011000100	0001000000001101100000100	2	4	3	0	119	
0000000001001111110010000	0000000011001000100010000	0	4	4	1	82	
1000010000010000100001000	1100000110000000000001000	1	4	0	0	212	
0000000000000010001000010	0000000000000010001000110	3	4	4	2	190	
0000100010000100001000100	0000100000000100110010100	2	4	4	0	82	
1000001000010000100000100	1000001100000100000000100	2	4	0	0	82	
0000000000000000001100100	0000000000000000001100100	2	4	4	3	156	
1000011100001110000100000	1000001100000110000000000	4	2	0	0	82	
0010000010000100001000010	0010000000110000011000010	3	4	2	0	135	
0001000011000000000000000	0001000001000000000000000	3	0	4	1	118	
0010000100001000010000110	0010000000110000011000010	3	4	2	0	144	
0010000100001000010001100	0010000000111100000000100	2	4	2	0	127	
0000010000010000100000100	0100010100000100000000100	2	4	0	1	105	
0000000000000001000001110	0000000000000001000001110	0	3	3	4	83	
0000000000100000110000010	0000000000100000100000110	0	2	3	4	103	
0000100011000100001000110	0000100000000100110010100	2	4	4	0	80	
0000100001000110001000010	0000100000000000011011010	3	4	4	0	192	
0000000000111111100000000	0000000000111110000000000	0	2	4	2	83	
0110001000010000100001000	0010000110110000000001000	1	4	2	0	120	
0000000001000010001000010	0000000001000000011001010	3	4	4	1	213	
0000011100011110000000000	0000011000001110000000000	0	1	4	2	83	
0111000011000000000000000	0100000111000000000000000	1	0	4	1	191	
0000000000000000001101100	0000000000000000011101000	1	4	4	3	153	
0110000110000110000100000	0010000010000010000000000	2	0	4	2	168	
0000000000000010001101110	0000000000000110010001000	1	4	4	2	115	
0000000000000111100000000	0000000000001111100000000	0	3	4	2	136	
0110000100001000010000100	0100011000001100000000100	1	0	2	4	127	
0000011000001100000100000	0000010000011000001100000	0	1	4	3	83	
0000000000000000001100110	0000000000000000001100100	2	4	4	3	214	
0001000100001000100010000	0001000100010001000010000	0	4	3	0	83	
0000000000000001100001110	0000000000000001000001110	0	3	3	4	157	
0010000100011000100001000	0010000110110000000001000	1	4	2	0	171	
0000000000111001111100000	0000000000110000011100000	0	2	4	3	111	
0000011110000000000000000	0000011111000000000000000	0	1	4	1	283	
0000100001000000001000010	0000100000000000011011010	3	4	4	0	111	
0000000000100000100000110	0000000000100000100000110	0	2	3	4	111	
0100001000010000100000100	0100011000001100000000100	2	4	1	0	112	
0111000011000010000000000	0100000111000000000000000	1	0	4	1	112	
1100001100001100001100001	1000001000001000001000001	0	0	4	4	112	
0000011111000000000000000	0000011111000000000000000	0	1	4	1	1122	
0110000001000000000000000	0100000111000000000000000	1	0	4	1	113	
0000100001000110001100010	0000100000000000011011010	3	4	4	0	113	
0000000000110000111000011	0000000000100000110000011	0	2	4	4	113	
0001000010000000010000100	0001000000001101100000100	2	4	3	0	114	
0000000000000000011111100	0000000000000000011111000	0	4	4	3	114	
0000000000000110111011000	0000000000000110110010000	0	4	4	2	114	
0000000001000010001100010	0000000001000000011001010	3	4	4	1	215	
1000011000011000011000011	1000001000001000001000001	0	0	4	4	114	
1000010000110000100001100	1000001100000100000000100	2	4	0	0	114	
0001101110110000000000000	0001101100100000000000000	0	2	4	0	114	
0000000000000001100001100	0000000000000001000001100	0	3	2	4	216	
0011000011000000000000000	0010000011000000000000000	2	0	4	1	216	
0100001000001000010000100	0100011000001100000000100	2	4	1	0	217	
1111100000000000000000000	1111100000000000000000000	0	0	4	0	2188	
0000000000000010011001100	0000000000000110010001000	1	4	4	2	83	
0100001000010000000000000	0100011110000000000001000	1	0	1	4	220	
0000000100001000010000100	0010000000111100000000100	2	4	2	0	220	
0000000000000000001101000	0000000000000000011101000	1	4	4	3	110	
0000000000000100001000010	0001000000000001111000010	3	4	3	0	222	
0010000010000000000000000	0010000011000000000000000	2	0	4	1	222	
0001000010000100000000000	0001000000000001111000010	3	0	3	4	223	
0100001000010001000010000	0111011000000000000010000	0	4	1	0	226	
0000000000000010000000010	0000000000000010001000110	3	4	4	2	226	
0000000000010000100001000	0100011110000000000001000	1	4	1	0	227	
0010000100001000000000000	0010000000111100000000100	2	0	2	4	228	
0100001100001000010000100	0100011000001100000000100	1	0	2	4	110	
0000000000100000100000000	0010000010100000000001000	0	2	1	4	231	
0000000001000100010001000	0000000001000100010001000	1	4	4	1	232	
0010000100010000100001000	0010000110110000000001000	1	4	2	0	233	
0010000100001000100001000	0010000110110000000001000	1	4	2	0	234	
0100001000010000100000000	0100011110000000000001000	1	0	1	4	235	
0000000000001000010000100	0010000000111100000000100	2	4	2	0	236	
0010000100000000100001000	0010000110110000000001000	1	4	2	0	110	
0100000000100000000000000	0100010000100000000000000	0	2	1	0	239	
0110000100001100001000011	0100010000010000010000011	1	0	4	4	84	
0100001000100001000000000	0110010000000001000000000	0	3	1	0	240	
0000000000000010001000000	0000000000000010001000110	3	4	4	2	241	
0001000010000010000100001	0001000000000001100000111	4	4	3	0	244	
0010000100001000010000000	0010000000111100000000100	2	4	2	0	245	
0001000010001000010000100	0001000000001101100000100	2	4	3	0	246	
0001000010000100001000000	0001000000000001111000010	3	0	3	4	246	
1000010000100000100001000	1100000110000000000001000	0	0	1	4	249	
0011001000100000000000000	0011001000100000000000000	0	2	3	0	102	
0010001000000000000000000	0010001000100000000000000	0	2	2	0	253	
0001000010000010000100000	0001000000000001000101100	3	0	4	3	253	
0000000000000001000000100	0000000000000001000001100	0	3	2	4	255	
0010000001000000000000000	0010000011000000000000000	2	0	4	1	257	
0000000000000000111100000	0000000000000001111100000	4	3	0	3	258	
0011000010000110000100001	0010000000100000110000011	2	0	4	4	110	
0000000000000010001100010	0000000000000010001000110	3	4	4	2	258	
0100001000100001000010000	0111011000000000000010000	0	4	1	0	259	
0000000000000001111000000	0000000000001111100000000	0	3	4	2	260	
0000000000000000100000100	0000000000000001000001100	2	4	0	3	261	
0000010000100000100001000	0100010110000000000001000	1	4	0	1	262	
0000000000111100000000000	0000000000111110000000000	0	2	4	2	264	
0000001000010000100001000	0100011110000000000001000	1	4	1	0	264	
0100011000100000000000000	0100010000100000000000000	0	2	1	0	265	
0000100001000010001000010	0000100000000000011011010	3	4	4	0	265	
0000000010000100001000010	0001000000000001111000010	3	4	3	0	265	
0000000000100000000000100	0000000000100000100000100	0	2	2	4	84	
0000000000011110000000000	0000000000111110000000000	4	2	0	2	266	
0000001111000000000000000	0000011111000000000000000	4	1	0	1	268	
0001000011000010000000000	0001000000000011000001000	3	0	4	2	268	
0000000000000001110000000	0000000000000001111100000	0	3	4	3	276	
0000011100000000000000000	0000011111000000000000000	0	1	4	1	277	
0000000000100001100001000	0010000010100000000001000	0	2	1	4	280	
0010000100001000011000110	0010000000111100000000100	2	0	2	4	84	
0000000000000000001000100	0000000000000000001100100	2	4	4	3	287	
0000000000000000000100100	0000000000000000001100100	2	4	4	3	331	
0011000011000010000000000	0010000010000010000000000	2	0	4	2	351	
0110011000100000000000000	0010001000100000000000000	0	2	2	0	353	
0010001000100000000000000	0010001000100000000000000	0	2	2	0	357	
0000000111000000000000000	0000011111000000000000000	0	1	4	1	287	
0010000010000010000000000	0010000010000010000000000	2	0	4	2	361	
0011000110001100011000110	0001000000000001111000010	3	4	3	0	363	
0000000000000010001100110	0000000000000010001000100	2	4	4	2	363	
0000000000100001100001100	0000000000100000100000100	0	2	2	4	373	
0000000000000000000100110	0000000000000000001100100	2	4	4	3	381	
0001001000000000000000000	0011001000100000000000000	0	2	3	0	145	
0110010000000000000000000	0110010000000000000000000	0	1	2	0	382	
0000100001000010000100011	0000100000000000011011010	3	4	4	0	290	
0000000000000010000100011	0000000000000010001000110	3	4	4	2	388	
0000000000000001000001100	0000000000000001000001100	0	3	2	4	388	
0011000001000000000000000	0010000011000000000000000	2	0	4	1	391	
0000000000000010001000100	0000000000000010001000100	2	4	4	2	403	
0000000000100000100000100	0000000000100000100000100	0	2	2	4	410	
0000100001000100001000010	0000100000000000011011010	3	4	4	0	290	
0000000000001110000000000	0000000000111110000000000	4	2	0	2	290	
0001000001000010000000000	0001000001000000000000000	3	0	4	1	492	
0100010000100000000000000	0100010000000000000000000	0	1	1	0	497	
0000000000000010000100000	0000000000000010000000000	4	2	4	2	499	
0000000000000010000100010	0000000000000010001000110	3	4	4	2	503	
0000010000100000100001100	0100010100000100000000100	0	1	2	4	105	
0100001000011000110000100	0100011000001100000000100	2	4	1	0	51	
0000000001000100000000100	0000000001000100010001100	2	4	4	1	51	
0000000011111100000000000	0000000111110000000000000	0	2	4	1	51	
0011000110001100001000010	0010000000110000011000010	3	4	2	0	51	
0000000000111000000000000	0000000000111110000000000	0	2	4	2	291	
0001000100001000000001000	0001000010011001000001000	1	4	3	0	51	
0000000000000000011011000	0000000000000000011111000	0	4	4	3	51	
0010001100010000100011000	0011001100100000000010000	0	4	2	0	51	
0001000010000100010000100	0001000000001101100000100	2	4	3	0	215	
0010000100010001000000000	0010001000100001000000000	0	3	2	0	51	
0100001000010001000000000	0110010000000001000000000	0	3	1	0	51	
0001000110001000010001000	0001000010011001000001000	1	4	3	0	51	
0000000000110000011000000	0000000000110000011100000	0	2	4	3	51	
0000011110000110000000000	0000011000001110000000000	0	1	4	2	51	
0010010000000000000000000	0110010000000000000000000	0	1	2	0	312	
0000100001000100010001000	0000100010001000100011000	1	4	4	0	51	
0011000100001000110001100	0001000000001101100000100	2	4	3	0	51	
0001000000001000000001000	0001000010011001000001000	1	4	3	0	51	
0000100111111000000000000	0001101100100000000000000	0	2	4	0	51	
1000011110001110000000000	1000001100000110000000000	0	0	4	2	51	
1000001000001100000100000	1000001000001000001100000	0	0	4	3	51	
0000010000010000010000110	0000010000010000010000010	0	1	3	4	51	
0001000010001000010000000	0001000010011001000001000	1	4	3	0	51	
0000000000000000011100000	0000000000000001111100000	4	3	0	3	316	
0000001000010000000000100	0100011000001100000000100	2	4	1	0	51	
0000011000001110000000000	0000011000001110000000000	0	1	4	2	51	
0000010000110000111000011	0000010000010000010000011	0	1	4	4	52	
0011000100010001100010000	0001000100010001000010000	0	4	3	0	52	
0000000000000111111111000	0000000000000110110010000	0	4	4	2	52	
0011000110001100011000010	0010000000110000011000010	3	4	2	0	52	
0000000000000000000001110	0000000000000000000001110	1	4	3	4	317	
0000000000000010011011000	0000000000000110110010000	0	4	4	2	84	
0001000010000110001100001	0001000000000001100000111	4	4	3	0	52	
0000011000000100000000000	0000011000001110000000000	0	1	4	2	52	
0010000010000000000100000	0010000000100000100100100	2	0	4	3	52	
0011111110110000000000000	0011111000000000000000000	0	1	4	0	52	
0100001000001000010000000	0100011000001100000000100	1	0	2	4	52	
0000000001001111110000000	0000000011011001000000000	0	3	4	1	52	
0010000110000100000100000	0010000000100000100100100	2	0	4	3	52	
0000000000001101000000000	0000000000001111100000000	0	3	4	2	127	
0010000110001100001000010	0010000000110000011000010	3	4	2	0	52	
0000000000001111111010000	0000000000000110110010000	0	4	4	2	52	
0000011111111110000000000	0000000000111110000000000	0	2	4	2	522	
0000000000000001000001111	0000000000000001100000111	0	3	4	4	53	
0000000000000000111110000	0000000000000000011111000	0	4	4	3	53	
0000000111110000000000000	0000000111110000000000000	0	2	4	1	53	
0011000010000100001000010	0010000000110000011000010	2	0	3	4	137	
0010000000000000000100000	0010000000100000100100100	2	0	4	3	53	
0011000100011000100001000	0001000010011001000001000	1	4	3	0	53	
0100001000110001000000000	0110010000000001000000000	0	3	1	0	53	
0011000011000110000100000	0010000010000010000000000	2	0	4	2	53	
0000000011111111100000000	0000000011011001000000000	0	3	4	1	53	
0010000100001100011000010	0010000000110000011000010	3	4	2	0	53	
0011111110000000000000000	0011111000000000000000000	0	1	4	0	85	
0110000100000100001100001	0100010000010000010000011	1	0	4	4	53	
0010000100000100000100001	0010000000100000110000011	2	0	4	4	53	
0100000000000000000100000	0100000100000100000100000	1	0	4	3	52	
1000010000110001100001100	1000001100000100000000100	2	4	0	0	53	
0110011000100000000000001	0010001000100000000000000	0	2	2	0	53	
0010000100000100000100000	0010000000100000100100100	2	0	4	3	53	
0000000000000000000001100	0000000000000000000001100	1	4	2	4	535	
0110000100001100001000010	0100010000011000001000010	1	0	3	4	54	
0000000000000001111000001	0000000000000001100000111	0	3	4	4	54	
0010001100010000100010000	0011001100100000000010000	0	4	2	0	54	
0000100011000100001000100	0000100000000100110010100	2	4	4	0	54	
0000000000000010111111100	0000000000000110110010000	0	4	4	2	54	
0100001000010000000001000	0100011110000000000001000	1	4	1	0	52	
0000010000000001000000000	0110010000000001000000000	0	3	0	1	54	
0010001000000001000000000	0010001000100001000000000	0	3	2	0	54	
0001100010001100010000100	0000100000000100110010100	2	4	4	0	54	
0000100000000000001000010	0000100000000000011011010	3	4	4	0	54	
0000000000110001111000011	0000000000100000110000011	0	2	4	4	54	
0001000110001100010000100	0001000000001101100000100	2	4	3	0	54	
0000000000000110110000000	0000000000001111100000000	0	3	4	2	55	
0000000110110000000000000	0000000111110000000000000	0	2	4	1	55	
1000011000010000010000110	1000001000001000001000010	0	0	3	4	52	
0000011000011110000000000	0000011000001110000000000	0	1	4	2	55	
0000000000100000011000001	0000000000100000110000011	0	2	4	4	55	
0100000100001000011000010	0100010000011000001000010	1	0	3	4	55	
1100001000010000100001000	1100000110000000000001000	0	0	1	4	120	
0000100001000100001000110	0000100000000100110010100	2	4	4	0	55	
0000000000011111000000000	0000000000001111100000000	0	3	4	2	55	
0000000100010001000000000	0001000100010001000000000	0	3	3	0	55	
0000100001000100010000100	0000100000000100110010100	2	4	4	0	55	
0000011000111110000100000	0000011000001110000000000	0	1	4	2	52	
0000100110100000000000000	0001101100100000000000000	0	2	4	0	55	
0000100001000110001100110	0000100000000100110010100	2	4	4	0	55	
0000011000000010000000000	0000011000001110000000000	0	1	4	2	55	
0001000010000010000000000	0001000000000011000001000	3	0	4	2	192	
0100001000000000000010000	0111011000000000000010000	0	4	1	0	55	
0100000100001000010000010	0100010000011000001000010	3	4	1	0	55	
1100001100001100001100000	1000001000001000001100000	0	0	4	3	55	
0011000100001000100001000	0001000010011001000001000	1	4	3	0	52	
0100001000011000010000110	0100010000011000001000010	3	4	1	0	55	
0011000010000110000100000	0010000000100000100100100	2	0	4	3	55	
0000000010000100010000100	0000100000000100110010100	2	4	4	0	56	
0001000010000110001100011	0001000000000001100000111	4	4	3	0	56	
0000010000010000011000001	0000010000010000010000011	0	1	4	4	56	
0000001100000110000000000	0000011000001110000000000	4	2	0	1	56	
0000000000000111111110000	0000000000000110110010000	0	4	4	2	52	
0000000011000010000000000	0000000001000010000001000	4	1	4	2	56	
0000100010000100011000100	0000100000000100110010100	2	4	4	0	56	
0110011000110001000010000	0011001100100000000010000	0	4	2	0	56	
0000000000000010011111110	0000000000000110110010000	0	4	4	2	56	
0011000100001000110001000	0001000010011001000001000	1	4	3	0	56	
0001111111110000000000000	0001101100100000000000000	0	2	4	0	56	
0111111100100000000000000	0001101100100000000000000	0	2	4	0	52	
0000010000111000011100001	0000010000010000010000011	0	1	4	4	85	
0011000000000000000000000	0011000000000000000000000	2	0	3	0	563	
0000000000100001000001000	0010000010100000000001000	0	2	1	4	566	
0000010000001100000000000	0000010000011000001100000	0	1	4	3	57	
1000011000010000010000100	1000001100000100000000100	0	0	2	4	57	
1000001100000100000100000	1000001000001000001100000	0	0	4	3	57	
0000100001000100001000000	0000100000000100110010100	2	4	4	0	57	
0000000001001001100000000	0000000011011001000000000	0	3	4	1	57	
0100001000010000010000100	0100011000001100000000100	2	4	1	0	192	
0111110000000000000000000	0011111000000000000000000	0	1	4	0	57	
0010001000010001100010000	0011001100100000000010000	0	4	2	0	62	
0000010000010000110000100	0100010100000100000000100	2	4	0	1	57	
0010000110000100001000011	0010000000110000011000010	3	4	2	0	58	
0000011000111110001100000	0000010000011000001100000	0	1	4	3	58	
0000000000000010000100110	0000000000000010001000100	2	4	4	2	58	
0100001100011000110001100	0100011000001100000000100	2	4	1	0	58	
0000000001000000001000100	0000000001000100010001100	2	4	4	1	58	
0010000100010001000010000	0011001100100000000010000	0	4	2	0	58	
0000000000001101100000000	0000000011011001000000000	0	3	4	1	58	
0100001100001000001000010	0100010000011000001000010	1	0	3	4	58	
0000100001000110001000100	0000100000000100110010100	2	4	4	0	57	
0010000100000100001000000	0010000000110000011000010	2	0	3	4	58	
1000010000010000010000010	1000001000001000001000010	0	0	3	4	58	
0010000100010000100000000	0010000110110000000001000	1	4	2	0	58	
0000000000000011111111000	0000000000000110110010000	0	4	4	2	58	
0010001100011000110001100	0010000000111100000000100	2	4	2	0	58	
0010000010000100000000000	0010000000100000110000011	2	0	4	4	58	
0100001000010000100001100	0100011000001100000000100	1	0	2	4	145	
0000000001001100100010000	0000000011001000100010000	0	4	4	1	58	
0001000010001000010001100	0001000010011001000001000	1	4	3	0	58	
0110000100001000001000010	0100010000011000001000010	1	0	3	4	58	
0000010000010000010000100	0100010100000100000000100	0	1	2	4	58	
0000000000111111111100000	0000000000111110000000000	0	2	4	2	582	
1110001111000010000000000	1000001100000110000000000	0	0	4	2	59	
1000011100001110000000000	1000001100000110000000000	0	0	4	2	59	
0000000001110000000000000	0000000111110000000000000	0	2	4	1	85	
0000000000000010110010000	0000000000000110110010000	0	4	4	2	59	
0000000001000100010000100	0000000001000100010001100	2	4	4	1	59	
0100001000011000110001100	0100011000001100000000100	1	0	2	4	59	
0000010000100000100000000	0100010100000100000000100	0	1	2	4	57	
1000011111000110000000000	1000001100000110000000000	0	0	4	2	59	
0010000100010000100011000	0011001100100000000010000	0	4	2	0	59	
0000000001111111100000000	0000000011011001000000000	0	3	4	1	59	
0100000100001100001000001	0100010000010000010000011	1	0	4	4	59	
0001000010001100011000100	0001000000001101100000100	2	4	3	0	59	
1100011111000110000000000	1000001100000110000000000	0	0	4	2	59	
1000010000110000100000100	1000001100000100000000100	0	0	2	4	59	
0110001100011000110001000	0010000110110000000001000	1	4	2	0	59	
0011111110100000000000000	0001101100100000000000000	0	2	4	0	57	
0000000000000000000000110	0000000000000000000000110	2	4	3	4	594	
0001111111100000000000000	0001101100100000000000000	0	2	4	0	60	
0000000000100001110001111	0000000000100000110000011	0	2	4	4	60	
0000000000100000010000010	0000000000100000100000110	0	2	3	4	60	
0000000000110000000100000	0000000000110000011100000	0	2	4	3	60	
0000000000100000011100000	0000000000110000011100000	0	2	4	3	60	
0000000010000100000100001	0001000000000001100000111	4	4	3	0	60	
1000011000010000100000100	1000001100000100000000100	2	4	0	0	60	
0000100110010001000000000	0001100100010001000000000	0	3	4	0	60	
0000010000110000011000011	0000010000010000010000011	0	1	4	4	60	
0110001000010001000010000	0011001100100000000010000	0	4	2	0	57	
0100000000000010000000000	0100000100000110000000000	4	2	1	0	60	
0000000000000000000011110	0000000000000000000011110	0	4	3	4	608	
0000010000100001000010000	0111010000000000000010000	0	4	0	1	609	
0011000100001000010000100	0010000000111100000000100	2	4	2	0	144	
0000000000000000000001101	0000000000000000000001111	1	4	4	4	61	
1000001000010000110000100	1000001100000100000000100	0	0	2	4	61	
1100001110000110000100000	1000001000001000001100000	0	0	4	3	61	
0001000010000000000000001	0001000000000001100000111	3	0	4	4	61	
0000000000000111111000000	0000000000001111100000000	0	3	4	2	61	
0000001000010001000010000	0111011000000000000010000	0	4	1	0	61	
1100001000010000110000100	1000001100000100000000100	2	4	0	0	61	
0100001100001000010000010	0100010000011000001000010	3	4	1	0	57	
0011001100110001000010000	0001000100010001000010000	0	4	3	0	61	
0011000001000010000000000	0010000010000010000000000	2	0	4	2	61	
0010011000000000000000000	0110010000000000000000000	0	1	2	0	158	
0001000100010001000010000	0001000100010001000010000	0	4	3	0	61	
0100000100000100001100001	0100010000010000010000011	1	0	4	4	61	
0100000100000100000100001	0100010000010000010000011	1	0	4	4	61	
0000100010001100010001000	0000100010001000100011000	1	4	4	0	61	
0000000011111101000000000	0000000011011001000000000	0	3	4	1	61	
0110001000110001100010000	0011001100100000000010000	0	4	2	0	61	
1000011000010000010000010	1000001000001000001000010	0	0	3	4	57	
0000000000100000010000001	0000000000100000110000011	0	2	4	4	61	
0111010000000000000000000	0111010000000000000000000	0	1	3	0	85	
0000000000000000001000011	0000000000000000000000011	3	4	4	4	61	
0000000000110000110000011	0000000000100000110000011	0	2	4	4	61	
0000100001000000000000010	0000100000000000011011010	3	4	4	0	61	
1111000111000010000000000	1100000111000000000000000	0	0	4	1	61	
0010000100011000110001100	0010000110110000000001000	1	4	2	0	61	
0110000010000000000000000	0100000111000000000000000	1	0	4	1	61	
0000011110000010000000000	0000011000001110000000000	0	1	4	2	61	
1100001000000000000000000	1100000000000000000000000	0	0	1	0	57	
0100000100000100000100000	0100000100000100000100000	1	0	4	3	193	
0110000000000000000000000	0110000000000000000000000	1	0	2	0	614	
0000000000110000001000000	0000000000110000011100000	0	2	4	3	62	
0011000010000100001100001	0010000000100000110000011	2	0	4	4	62	
0000010000000000100001000	0100010110000000000001000	1	4	0	1	62	
0010000110000110000100000	0010000000100000100100100	2	0	4	3	62	
0000000000000001111000011	0000000000000001100000111	0	3	4	4	62	
0111011100100000000000000	0110010000000000000000000	0	1	2	0	62	
0001101100000000000000000	0001101100100000000000000	0	2	4	0	62	
0100001000000001000000000	0110010000000001000000000	0	3	1	0	62	
0000000000000010001001100	0000000000000110010001000	1	4	4	2	101	
0100000001000000000000000	0100000111000000000000000	1	0	4	1	62	
1000001000001000010000010	1000001000001000001000010	0	0	3	4	63	
0000000000000000001001100	0000000000000110010001000	1	4	4	2	63	
0100000000100001000010000	0111011000000000000010000	0	4	1	0	63	
0000000000001111111000000	0000000000001111100000000	0	3	4	2	63	
0000011100000110000000000	0000011000001110000000000	0	1	4	2	63	
0000111111110000000000000	0001101100100000000000000	0	2	4	0	63	
0000000000000110010001000	0000000000000110010001000	1	4	4	2	63	
0001000110001000110001000	0001000010011001000001000	1	4	3	0	101	
1000000011000000000000000	1100000111000000000000000	0	0	4	1	63	
0000000001000000001000010	0000000001000000011001010	3	4	4	1	63	
0100001000010000000000100	0100011000001100000000100	2	4	1	0	62	
0000100001000100011000100	0000100000000100110010100	2	4	4	0	63	
0001000100100000000000000	0011001000100000000000000	0	2	3	0	63	
0000000000000001000000011	0000000000000001100000111	0	3	4	4	63	
1000011110000110000000000	1000001100000110000000000	0	0	4	2	63	
0000001000010000010000100	0100011000001100000000100	2	4	1	0	63	
0000000000000000001100001	0000000000000000000100011	4	4	4	3	63	
0000010000110000100000100	0100010100000100000000100	0	1	2	4	101	
0000000000000000000001111	0000000000000000000001111	1	4	4	4	630	
0110010000100000000000000	0010001000100000000000000	0	2	2	0	62	
1101100000000000000000000	1111100000000000000000000	0	0	4	0	64	
0010000010000100001100001	0010000000100000110000011	2	0	4	4	64	
0000000000001111100000000	0000000000001111100000000	0	3	4	2	64	
0000101111110000000000000	0001101100100000000000000	0	2	4	0	64	
0000000000000000000001010	0000000000000000000001110	1	4	3	4	64	
0010000011000010000000000	0010000011000000000000000	2	0	4	1	101	
0000010000110000100001000	0100010110000000000001000	1	4	0	1	64	
0000000000000000000111110	0000000000000000011111000	0	4	4	3	64	
0000000000100000100000010	0000000000100000100000110	0	2	3	4	64	
0000001111110000000000000	0000000111110000000000000	0	2	4	1	62	
1100000110000110000000000	1000001100000110000000000	0	0	4	2	64	
0000000000000001100000001	0000000000000001100000111	0	3	4	4	64	
0000000010001000100010000	0000100010001000100010000	0	4	4	0	64	
0011000010000000000000000	0011000000000000000000000	2	0	3	0	64	
0010000010000110000100001	0010000000100000110000011	2	0	4	4	64	
1000000100000010000000000	1000001100000110000000000	0	0	4	2	64	
0110001100011000100001000	0010000110110000000001000	1	4	2	0	64	
0111100000000000000000000	0111100000000000000000000	1	0	4	0	647	
0000000000000111110000000	0000000000001111100000000	0	3	4	2	65	
0110001000010001100010000	0011001100100000000010000	0	4	2	0	62	
0001000110001100011000110	0001000000000001111000010	3	4	3	0	65	
0000010000000000000001000	0100010110000000000001000	0	1	1	4	65	
0011000110001100011000100	0001000000001101100000100	2	4	3	0	65	
0000000001000110001000100	0000000001000100010001100	2	4	4	1	101	
0000000000000111000000000	0000000000001111100000000	0	3	4	2	65	
0010000100000100001100001	0010000000100000110000011	2	0	4	4	65	
0000000001000110001100110	0000000001000100010001100	2	4	4	1	65	
0010000100010001100010000	0011001100100000000010000	0	4	2	0	62	
0001101110110001000000000	0001101100100000000000000	0	2	4	0	65	
0000000010110000000000000	0000000111110000000000000	0	2	4	1	65	
0000000000000000011110000	0000000000000000011111000	0	4	4	3	105	
1000011000010000100001100	1000001100000100000000100	2	4	0	0	66	
0000000000110000111100001	0000000000100000110000011	0	2	4	4	66	
0000000000011111100000000	0000000000001111100000000	0	3	4	2	66	
0000100001000010000100000	0000100000000000000111100	4	3	4	0	620	
0000000000100000011000000	0000000000110000011100000	0	2	4	3	66	
0000001000100000000000000	0100010000100000000000000	0	2	1	0	214	
0000001000100001000000000	0010001000100001000000000	0	3	2	0	66	
0001000100001000110001000	0001000010011001000001000	1	4	3	0	66	
0011001100100000000000000	0011001000100000000000000	0	2	3	0	66	
0000000011010000000000000	0000000111110000000000000	0	2	4	1	66	
0000100010000100010001000	0000100010001000100011000	1	4	4	0	66	
0000010000110001100001100	0100010100000100000000100	0	1	2	4	67	
0000000111111110000000000	0000000111110000000000000	0	2	4	1	67	
0000000000000000001010000	0000000000000110110010000	0	4	4	2	67	
0011111111000000000000000	0011111000000000000000000	0	1	4	0	67	
1000001000010000010000010	1000001000001000001000010	3	4	0	0	67	
0000000001011001000000000	0000000011011001000000000	0	3	4	1	67	
0000000000110001111100001	0000000000100000110000011	0	2	4	4	67	
0001000100010000000000000	0001000100010001000000000	0	3	3	0	67	
0110001000000000000000000	0110000000000000000000000	1	0	2	0	63	
0100001000010000110000100	0100011000001100000000100	2	4	1	0	106	
1000010000100000000001000	1100000110000000000001000	1	4	0	0	67	
0110001000110001000000000	0010001000100001000000000	0	3	2	0	67	
0001100010000000000000000	0001100000000000000000000	4	0	3	0	67	
1100001000011000010000110	1000001000001000001000010	3	4	0	0	67	
0110001100011000110000100	0100011000001100000000100	2	4	1	0	67	
0000010000001110000000000	0000011000001110000000000	4	2	0	1	67	
0000010000111110001100000	0000010000011000001100000	0	1	4	3	67	
0011000011000110000100001	0010000000100000110000011	4	4	2	0	68	
0000010000110000100001100	0100010100000100000000100	2	4	0	1	68	
0010000100000000001000010	0010000000110000011000010	3	4	2	0	106	
0001111100000000000000000	0011111000000000000000000	0	1	4	0	68	
0110000100001000011000010	0010000000110000011000010	3	4	2	0	68	
1000010000110001100001000	1100000110000000000001000	1	4	0	0	69	
0000000000100001111000111	0000000000100000110000011	0	2	4	4	69	
0010000100001100011000110	0010000000110000011000010	3	4	2	0	69	
0000100001000010000000010	0000100000000000011011010	3	4	4	0	69	
0000000000011111111100000	0000000000001111100000000	0	3	4	2	68	
0000000000000010001100100	0000000000000010001000100	2	4	4	2	69	
0000010000000000000000100	0100010100000100000000100	0	1	2	4	70	
0010000100001000000001000	0010000110110000000001000	1	4	2	0	70	
0000000000100000000000010	0000000000100000100000110	0	2	3	4	70	
0000000000100001111100011	0000000000100000110000011	0	2	4	4	70	
0100001100001000011000010	0100010000011000001000010	3	4	1	0	106	
1100001111000000000000000	1100000111000000000000000	0	0	4	1	70	
0000000000000110100000000	0000000000001111100000000	0	3	4	2	70	
0000010000110000110000100	0000000000100000100000100	0	2	2	4	70	
0001000011000110001100011	0001000000000001100000111	4	4	3	0	68	
0000000000000001000000010	0000000000000001000001110	0	3	3	4	71	
0100000100001000001000001	0100010000010000010000011	1	0	4	4	71	
0010000000010000100001000	0010000110110000000001000	1	4	2	0	71	
0000000001011111100000000	0000000011011001000000000	0	3	4	1	71	
0000000000100000110000011	0000000000100000110000011	0	2	4	4	106	
0000000000111000001100000	0000000000110000011100000	0	2	4	3	71	
0110001100001000010000100	0100011000001100000000100	2	4	1	0	71	
0000000000000110110010000	0000000000000110110010000	0	4	4	2	71	
0100001100001000010000110	0100010000011000001000010	3	4	1	0	68	
0000100110110000000000000	0001101100100000000000000	0	2	4	0	71	
0000010000100000000001000	0100010110000000000001000	0	1	1	4	71	
0000010000111100001100000	0000000000110000011100000	0	2	4	3	71	
0000000000000001111110000	0000000000000000011111000	0	4	4	3	71	
0001111110100000000000000	0001101100100000000000000	0	2	4	0	71	
0001000010000000000100000	0001000000000001000101100	4	3	3	0	71	
0000000000110000110000110	0000000000100000100000110	0	2	3	4	71	
0000000000000010011101110	0000000000000010001000100	2	4	4	2	71	
0100000011000000000000000	0100000111000000000000000	1	0	4	1	68	
0000000001000000000000100	0000000001000100010001100	2	4	4	1	72	
0000000001000100010000000	0000000001000100010001000	1	4	4	1	72	
1000000000000000000100010	0000000000000000000100010	3	4	4	3	107	
0000000000000000001000110	0000000000000000000000110	2	4	3	4	72	
0000011111110000000000000	0000000111110000000000000	0	2	4	1	72	
0001000010000100000000100	0001000000001101100000100	2	4	3	0	72	
0110000110000110000000000	0100000100000110000000000	1	0	4	2	72	
0000000000000111111010000	0000000000000110110010000	0	4	4	2	72	
0000000001001101100000000	0000000011011001000000000	0	3	4	1	72	
0010001100011000100001000	0010000110110000000001000	1	4	2	0	72	
0000000000000010111111000	0000000000000110110010000	0	4	4	2	73	
0000000111111000000000000	0000000111110000000000000	0	2	4	1	73	
0000000110100000000000000	0000000111110000000000000	0	2	4	1	107	
0010000000000000000001000	0010000110110000000001000	1	4	2	0	73	
0000000000000010011001000	0000000000000110010001000	1	4	4	2	73	
0100001000110001100011000	0111011000000000000010000	0	4	1	0	73	
0000000000000001110000001	0000000000000001100000111	0	3	4	4	73	
0001000100010000100010000	0001000100010001000010000	0	4	3	0	73	
0001000000100000000000000	0011001000100000000000000	0	2	3	0	73	
1000001000011000010000010	1000001000001000001000010	0	0	3	4	73	
0000000010000100001000000	0001000000000001111000010	3	4	3	0	107	
1000000111000000000000000	1100000111000000000000000	0	0	4	1	73	
0000100010001000010001000	0000100010001000100011000	1	4	4	0	74	
0000000000000001100000010	0000000000000001000001110	0	3	3	4	74	
0000000000111111000000000	0000000000001111100000000	0	3	4	2	74	
0000001111111000000000000	0000000111110000000000000	0	2	4	1	74	
0000000000001111111100000	0000000000001111100000000	0	3	4	2	74	
1100000001000000000000000	1100000111000000000000000	0	0	4	1	74	
1000010000010000100001100	1000001100000100000000100	0	0	2	4	68	
0010000110000100001000001	0010000000100000110000011	2	0	4	4	74	
0000000000000000100011000	0000000000000000000011000	0	4	1	4	74	
0000000000011111110000000	0000000000001111100000000	0	3	4	2	74	
0010000010000100001000001	0010000000100000110000011	2	0	4	4	74	
1100001111000010000000000	1000001100000110000000000	0	0	4	2	74	
0110011000100001000000000	0010001000100000000000000	0	2	2	0	74	
0000000000000100010001000	0000000001000100010001000	1	4	4	1	74	
0101000000000000000000000	0111000000000000000000000	1	0	3	0	74	
0001000010000100000000001	0001000000000001100000111	4	4	3	0	75	
0100000000100001000000000	0110010000000001000000000	0	3	1	0	107	
0000000000000011100000000	0000000000001111100000000	0	3	4	2	75	
0100011000110001100011000	0111011000000000000010000	0	4	1	0	75	
0000000111111100000000000	0000000111110000000000000	0	2	4	1	75	
0010001100110001000000000	0010001000100001000000000	0	3	2	0	75	
0000010000010000010000000	0000010000010000010000010	0	1	3	4	75	
0111000001000000000000000	0100000111000000000000000	1	0	4	1	75	
0000011000011110000100000	0000010000011000001100000	0	1	4	3	75	
0010000000100000000000000	0010001000100000000000000	0	2	2	0	107	
0000001111111110000000000	0000000111110000000000000	0	2	4	1	75	
0000000000000000011111000	0000000000000000011111000	0	4	4	3	76	
0000111100000000000000000	0011111000000000000000000	0	1	4	0	76	
0001100010001100010001100	0000100010001000100011000	1	4	4	0	76	
0000000000110000011100000	0000000000110000011100000	0	2	4	3	76	
0000000000000001000000111	0000000000000001100000111	0	3	4	4	76	
0100000000000001000000000	0110010000000001000000000	0	3	1	0	76	
0010000110000100001000010	0010000000110000011000010	3	4	2	0	107	
0011000110001100010000100	0001000000001101100000100	2	4	3	0	76	
0000000000100001100000100	0000000000100000100000100	0	2	2	4	75	
0000011100111110000000000	0000011000001110000000000	0	1	4	2	76	
0001000000000010000100001	0001000000000001100000111	3	0	4	4	77	
0000000000100001100000110	0000000000100000100000110	0	2	3	4	77	
0000000000000000111111100	0000000000000000011111000	0	4	4	3	77	
0000000000000010001101100	0000000000000110010001000	1	4	4	2	77	
0001000110001000010001100	0001000000001101100000100	2	4	3	0	77	
0001000000000000000100000	0001000000000001000101100	3	0	4	3	75	
0000000011011101100000000	0000000011011001000000000	0	3	4	1	77	
0000000000111000111100000	0000000000110000011100000	0	2	4	3	77	
0000000001000110011000100	0000000000000010001000100	2	4	4	2	77	
0001011000000000000000000	0111010000000000000000000	0	1	3	0	77	
0000000000000000100001100	0000000000000000000001100	1	4	2	4	77	
0000000000010000010000010	0000010000010000010000010	0	1	3	4	78	
0111000111000010000000000	0100000100000110000000000	1	0	4	2	78	
0000000000100010000000000	0000000000111110000000000	0	2	4	2	78	
0000000000000000100000011	0000000000100000110000011	4	4	0	2	75	
0001000010000100011000110	0001000000001101100000100	2	4	3	0	78	
0001100011000110001000010	0000100000000000011011010	3	4	4	0	78	
0000100111111001000000000	0001100100010001000000000	0	3	4	0	78	
1110011111000000000000000	1100000111000000000000000	0	0	4	1	78	
0001000000001000010000100	0001000000001101100000100	2	4	3	0	78	
0011000011000010000100000	0010000000100000100100100	2	0	4	3	78	
0001100011000100001000010	0000100000000000011011010	3	4	4	0	79	
0000000000000111111100000	0000000000001111100000000	0	3	4	2	79	
1111000001000000000000000	1100000111000000000000000	0	0	4	1	75	
0000000000000010010010000	0000000000000110110010000	0	4	4	2	79	
0000000000111111111000000	0000000000111110000000000	0	2	4	2	79	
1100011111000000000000000	1100000111000000000000000	0	0	4	1	79	
0000000000000000000101110	0000000000000000011101000	1	4	4	3	79	
0000011111000010000000000	0000011000001110000000000	0	1	4	2	79	
0000000001000010001000000	0000000001000100010001100	2	4	4	1	79	
0001101000000000000000000	0011111000000000000000000	0	1	4	0	79	
0010000100001000110001100	0010000110110000000001000	1	4	2	0	79	
0000011000011100001100000	0000010000011000001100000	0	1	4	3	79	
0000000000000001100000111	0000000000000001100000111	0	3	4	4	79	
0010000110001100011000110	0010000000110000011000010	3	4	2	0	75	
0010000000000100001000010	0010000000110000011000010	3	4	2	0	79	
0010000110000100000100001	0010000000100000110000011	4	4	2	0	79	
0000000000100001110001110	0000000000000001000001110	0	3	3	4	80	
0011000010000010000000000	0010000010000010000000000	2	0	4	2	108	
0010000000000100000000000	0010000000100000100100100	2	0	4	3	80	
0000000000000000000101000	0000000000000000011101000	1	4	4	3	80	
0011001000000000000000000	0011001000100000000000000	0	2	3	0	80	
0010000100001000000000010	0010000000110000011000010	3	4	2	0	80	
0000100100100000000000000	0001101100100000000000000	0	2	4	0	80	
0000000001111000000000000	0000000111110000000000000	0	2	4	1	80	
0000000000100001111000011	0000000000100000110000011	0	2	4	4	80	
0000000011111110000000000	0000000111110000000000000	0	2	4	1	85	
0000011100001110000000000	0000011000001110000000000	0	1	4	2	108	
0010001000010001000000000	0010001000100001000000000	0	3	2	0	116	
0110001000100001000000000	0010001000100001000000000	0	3	2	0	85	
0000000000000010011101100	0000000000000110010001000	1	4	4	2	85	
0001000100000000000000000	0011001000100000000000000	0	2	3	0	121	
0011011100100000000000000	0011001000100000000000000	0	2	3	0	75	
0001000011000010000100001	0001000000000001100000111	4	4	3	0	193	
0001100001000010000100000	0001000000000001000101100	3	0	4	3	129	
0010011000100000000000000	0010001000100000000000000	0	2	2	0	85	
0000010000011000001100000	0000010000011000001100000	0	1	4	3	85	
0000011111111000000000000	0000000111110000000000000	0	2	4	1	85	
0000000000000000000111000	0000000000000000011111000	0	4	4	3	85	
1110000000000000000000000	1110000000000000000000000	0	0	2	0	856	
0100001000010000000010000	0111011000000000000010000	0	4	1	0	76	
0001000010000100001000110	0001000000001101100000100	2	4	3	0	136	
0010000100010000100010000	0011001100100000000010000	0	4	2	0	147	
0111111000000000000000000	0011111000000000000000000	0	1	4	0	160	
0000000000000000001110000	0000000000000000011111000	0	4	4	3	86	
0001000010000100001100011	0001000000000001100000111	4	4	3	0	86	
1000001100000110000000000	1000001100000110000000000	0	0	4	2	86	
0010001100010000100001000	0010000110110000000001000	1	4	2	0	129	
0001100110011001100010000	0000100010001000100010000	0	4	4	0	108	
0000000000100001110000111	0000000000100000110000011	0	2	4	4	148	
0000010000100001000001000	0100010110000000000001000	1	4	0	1	147	
0000000001000010001000110	0000000001000100010001100	2	4	4	1	104	
0100010000100001000010000	0111011000000000000010000	0	4	1	0	175	
0010001000010001000010000	0011001100100000000010000	0	4	2	0	194	
0010001000010000100010000	0011001100100000000010000	0	4	2	0	86	
0000000000000010000000100	0000000000000010001000100	2	4	4	2	108	
1100000111000000000000000	1100000111000000000000000	0	0	4	1	86	
0010001100010001100010000	0011001100100000000010000	0	4	2	0	116	
0000000000000010001001000	0000000000000110010001000	1	4	4	2	86	
1000000000010000100001000	1100000110000000000001000	1	4	0	0	86	
0100000100001000001000010	0100010000011000001000010	1	0	3	4	160	
0000010000100000100000100	0100010100000100000000100	0	1	2	4	139	
0000000000100000000001000	0010000010100000000001000	0	2	1	4	195	
0001000010000000000100001	0001000000000001100000111	4	4	3	0	108	
0000100011000100011000100	0000100000000100110010100	2	4	4	0	102	
0000100010000100001000010	0000100000000000011011010	3	4	4	0	147	
0011000110001000010000100	0001000000001101100000100	2	4	3	0	87	
0000011110001110000000000	0000011000001110000000000	0	1	4	2	87	
0000000000000001111111100	0000000000000000011111000	0	4	4	3	87	
0000000000111000011100000	0000000000110000011100000	0	2	4	3	87	
0000000000000000000100010	0000000000000000000100010	3	4	4	3	1087	
0000000001000000000000000	0000000001000000000000000	4	1	0	0	1603	
0000000000000000000100000	0000000000000000000100000	4	3	0	0	1765	
1000010000100001100011000	1100000110000000000001000	0	0	1	4	194	
1100001110000110000000000	1000001100000110000000000	0	0	4	2	129	
0000000000000001100001111	0000000000000001100000111	0	3	4	4	139	
0010000100000100001000001	0010000000100000110000011	2	0	4	4	147	
1000010000010000110000100	1000001100000100000000100	0	0	2	4	87	
0010000100001000011000010	0010000000110000011000010	2	0	3	4	116	
0010000100001000110001000	0010000110110000000001000	1	4	2	0	123	
0000000001000010000000010	0000000001000000011001010	3	4	4	1	87	
0001000011000010000100000	0001000000000011000001000	3	0	4	2	196	
0000000000000001000001000	0000000000000001000001000	0	3	1	4	1029	
0110000011000000000000000	0100000111000000000000000	1	0	4	1	178	
0110000111000010000000000	0100000100000110000000000	1	0	4	2	87	
0110000011000010000000000	0100000100000110000000000	1	0	4	2	87	
0000000000000000011010000	0000000000000000011111000	0	4	4	3	88	
0001000010001000010001000	0001000010011001000001000	1	4	3	0	139	
0000100001000110001000110	0000100000000100110010100	2	4	4	0	130	
0000000001000110001000110	0000000001000100010001100	2	4	4	1	88	
0000000001000010001100110	0000000000000010001000100	2	4	4	2	88	
0000100001000100001000100	0000100000000100110010100	2	4	4	0	178	
0000000000110001111100000	0000000000110000011100000	0	2	4	3	88	
1110000111000010000000000	1100000111000000000000000	0	0	4	1	123	
0110000010000010000000000	0010000010000010000000000	2	0	4	2	116	
0000000001111110000000000	0000000111110000000000000	0	2	4	1	88	
0000000001001001000000000	0000000011011001000000000	0	3	4	1	88	
0011111000000000000000000	0011111000000000000000000	0	1	4	0	86	
0100000100001000010000100	0100011000001100000000100	1	0	2	4	148	
0010001000110001000000000	0010001000100000000000000	0	2	2	0	109	
0000000000111111110000000	0000000000001111100000000	0	3	4	2	88	
0001000010000100001000011	0001000000000001100000111	4	4	3	0	139	
0000000000000010001000110	0000000000000010001000100	2	4	4	2	88	
0010000100001000010000010	0010000000110000011000010	2	0	3	4	130	
0001000100001000100001000	0001000010011001000001000	1	4	3	0	161	
0011001100110000000000000	0011001000100000000000000	0	2	3	0	88	
0000000000001111110000000	0000000000001111100000000	0	3	4	2	88	
0000000000000011111100000	0000000000001111100000000	0	3	4	2	86	
0000000000000000000000111	0000000000000000000000111	2	4	4	4	884	
0000000001000100001000100	0000000001000100010001100	2	4	4	1	109	
0000000000000001111111000	0000000000000000011111000	0	4	4	3	89	
0001001100100000000000000	0011001000100000000000000	0	2	3	0	89	
0100001000010000100011000	0111011000000000000010000	0	4	1	0	124	
0000000001000010000100010	0000000001000000011001010	3	4	4	1	148	
0100001000010000110001100	0100011000001100000000100	2	4	1	0	89	
0001111000000000000000000	0011111000000000000000000	0	1	4	0	160	
0100001000001000010000010	0100010000011000001000010	1	0	3	4	162	
0000000000000001111100001	0000000000000001111100000	0	3	4	3	89	
0000000000000000001100010	0000000000000000000100010	3	4	4	3	89	
0000010001000000000000000	0000011111000000000000000	0	1	4	1	89	
0001000000000010000100000	0001000000000001000101100	3	0	4	3	89	
0001000100001000010000100	0001000000001101100000100	2	4	3	0	179	
0011000110000100001000010	0010000000110000011000010	3	4	2	0	90	
							
