ima0;0;2;1;4;
ima1;1;0;2;4;
ima4;0;3;4;2;
ima5;2;4;1;0;
ima10;
ima11;0;2;3;0;
ima13;0;0;4;1;
ima14;0;4;2;0;
ima18;3;4;4;0;
ima20;1;4;2;0;
ima22;3;4;4;1;
ima23;1;4;4;2;
ima26;1;0;4;4;
ima27;0;2;3;0;
ima29;0;2;2;4;
ima30;2;0;2;4;
ima32;0;2;3;0;
ima35;0;1;2;4;
ima36;2;4;3;0;
ima39;0;4;4;2;
ima41;2;0;3;4;
ima42;0;1;4;0;
ima45;0;0;1;4;
ima46;3;0;4;2;
ima49;0;1;4;4;
ima52;1;0;2;4;
ima53;0;2;4;1;
ima56;2;4;2;0;
ima57;0;1;2;0;
ima58;0;1;3;0;
ima59;1;0;4;3;
ima60;1;4;4;2;
ima61;1;4;3;0;
ima62;0;1;2;4;
ima63;2;0;4;1;
ima65;2;4;4;1;
ima66;0;4;4;3;
ima67;0;2;1;0;
ima69;2;4;1;0;
ima70;3;4;2;0;
ima72;3;4;1;0;
ima73;0;2;4;4;
ima75;3;4;4;3;
ima76;0;2;4;1;
ima77;3;4;3;0;
ima79;0;3;1;0;
ima80;0;2;2;0;
ima81;3;4;2;0;
ima86;2;0;4;2;
ima87;0;1;4;2;
ima89;2;4;3;0;
ima90;0;4;4;0;
ima91;2;4;4;2;
ima92;4;4;3;0;
ima93;3;4;4;3;
ima97;0;2;2;0;
ima98;2;4;4;1;
ima100;2;4;0;0;
ima105;1;4;2;0;
ima106;0;3;4;2;
ima107;0;4;3;0;
ima108;2;4;1;0;
ima109;0;2;4;3;
ima110;4;4;1;0;
ima111;0;3;3;0;
ima112;2;4;0;0;
ima114;0;4;4;0;
ima118;0;1;4;1;
ima119;3;4;4;0;
ima120;0;2;4;3;
ima121;1;4;4;2;
ima122;0;3;4;1;
ima123;3;4;0;3;
ima124;0;3;1;4;
ima125;0;1;4;0;
ima126;2;4;2;0;
ima127;4;4;2;0;
ima128;1;4;0;0;
ima131;4;4;3;0;
ima133;2;4;3;0;
ima134;0;3;4;3;
ima138;1;4;1;0;
ima139;0;3;4;4;
ima141;4;4;2;0;
ima144;0;3;4;4;
ima145;0;3;2;0;
ima146;0;1;3;0;
ima150;2;4;0;0;
ima152;1;4;0;0;
ima154;2;4;3;0;
ima155;0;4;4;1;
ima157;1;4;0;0;
ima158;3;4;4;2;
ima160;2;4;4;0;
ima161;2;4;0;0;
ima162;2;4;4;3;
ima163;4;2;0;0;
ima165;3;4;2;0;
ima167;3;0;4;1;
ima169;3;4;2;0;
ima171;2;4;2;0;
ima172;2;4;0;1;
ima175;0;3;3;4;
ima176;0;2;3;4;
ima178;2;4;4;0;
ima180;0;2;4;2;
ima181;1;4;2;0;
ima183;3;4;4;1;
ima186;0;1;4;2;
ima187;1;0;4;1;
ima188;1;4;4;3;
ima189;2;0;4;2;
ima190;1;4;4;2;
ima192;0;3;4;2;
ima194;1;0;2;4;
ima195;0;1;4;3;
ima196;2;4;4;3;
ima197;0;4;3;0;
ima199;0;3;3;4;
ima201;0;2;4;3;
ima202;0;1;4;1;
ima203;3;4;4;0;
ima204;0;2;3;4;
ima208;2;4;1;0;
ima209;1;0;4;1;
ima210;0;0;4;4;
ima211;0;1;4;1;
ima213;1;0;4;1;
ima214;3;4;4;0;
ima215;0;2;4;4;
ima216;2;4;3;0;
ima218;0;4;4;3;
ima219;0;4;4;2;
ima220;0;0;4;4;
ima221;2;4;0;0;
ima224;0;2;4;0;
ima226;0;3;2;4;
ima227;2;0;4;1;
ima228;2;4;1;0;
ima229;0;0;4;0;
ima232;1;0;1;4;
ima233;2;4;2;0;
ima234;1;4;4;3;
ima235;3;4;3;0;
ima236;2;0;4;1;
ima238;3;0;3;4;
ima240;0;4;1;0;
ima241;3;4;4;2;
ima242;1;4;1;0;
ima243;2;0;2;4;
ima245;1;0;2;4;
ima248;0;2;1;4;
ima250;1;4;4;1;
ima251;1;4;2;0;
ima252;1;4;2;0;
ima253;1;0;1;4;
ima255;2;4;2;0;
ima256;1;4;2;0;
ima258;0;2;1;0;
ima260;0;3;1;0;
ima261;3;4;4;2;
ima262;4;4;3;0;
ima263;2;4;2;0;
ima264;2;4;3;0;
ima266;3;0;3;4;
ima269;0;0;1;4;
ima273;0;2;2;0;
ima274;3;0;4;3;
ima275;0;3;2;4;
ima276;2;0;4;1;
ima277;4;3;0;3;
ima278;2;0;4;4;
ima279;3;4;4;2;
ima280;0;4;1;0;
ima281;0;3;4;2;
ima282;2;4;0;3;
ima283;1;4;0;1;
ima284;0;2;4;2;
ima285;1;4;1;0;
ima286;0;2;1;0;
ima287;3;4;4;0;
ima288;3;4;3;0;
ima290;4;2;0;2;
ima292;4;1;0;1;
ima293;3;0;4;2;
ima296;0;3;4;3;
ima297;0;1;4;1;
ima298;0;2;1;4;
ima300;2;4;4;3;
ima303;2;4;4;3;
ima307;2;0;4;2;
ima308;0;2;2;0;
ima310;0;2;2;0;
ima312;0;1;4;1;
ima313;2;0;4;2;
ima314;3;4;3;0;
ima315;2;4;4;2;
ima317;0;2;2;4;
ima319;2;4;4;3;
ima320;0;1;2;0;
ima323;3;4;4;0;
ima324;3;4;4;2;
ima325;0;3;2;4;
ima326;2;0;4;1;
ima329;2;4;4;2;
ima330;0;2;2;4;
ima334;3;4;4;0;
ima345;4;2;0;2;
ima346;3;0;4;1;
ima347;0;1;1;0;
ima348;4;2;4;2;
ima349;3;4;4;2;
ima351;2;4;1;0;
ima352;2;4;4;1;
ima354;0;2;4;1;
ima355;3;4;2;0;
ima356;0;2;4;2;
ima357;1;4;3;0;
ima358;0;4;4;3;
ima359;0;4;2;0;
ima360;0;3;2;0;
ima361;0;3;1;0;
ima363;1;4;3;0;
ima365;0;2;4;3;
ima366;0;1;4;2;
ima367;0;1;2;0;
ima368;1;4;4;0;
ima369;2;4;3;0;
ima370;1;4;3;0;
ima371;0;2;4;0;
ima373;0;0;4;2;
ima374;0;0;4;3;
ima375;0;1;3;4;
ima377;1;4;3;0;
ima378;4;3;0;3;
ima379;2;4;1;0;
ima380;0;1;4;2;
ima382;0;1;4;4;
ima385;0;4;3;0;
ima387;0;4;4;2;
ima388;3;4;2;0;
ima389;1;4;3;4;
ima391;4;4;3;0;
ima392;0;1;4;2;
ima394;2;0;4;3;
ima395;0;1;4;0;
ima396;1;0;2;4;
ima397;0;3;4;1;
ima398;2;0;4;3;
ima400;3;4;2;0;
ima402;0;4;4;2;
ima404;0;2;4;2;
ima405;0;3;4;4;
ima408;0;4;4;3;
ima409;0;2;4;1;
ima410;2;0;4;3;
ima413;1;4;3;0;
ima415;0;3;1;0;
ima417;2;0;4;2;
ima418;0;3;4;1;
ima419;3;4;2;0;
ima421;1;0;4;4;
ima422;2;0;4;4;
ima423;1;0;4;3;
ima424;2;4;0;0;
ima425;0;2;2;0;
ima426;2;0;4;3;
ima427;1;4;2;4;
ima428;1;0;3;4;
ima429;0;3;4;4;
ima430;0;4;2;0;
ima431;2;4;4;0;
ima433;0;4;4;2;
ima434;1;4;1;0;
ima435;0;3;0;1;
ima436;0;3;2;0;
ima437;2;4;4;0;
ima438;3;4;4;0;
ima440;0;2;4;4;
ima442;2;4;3;0;
ima443;0;3;4;2;
ima444;0;2;4;1;
ima445;0;0;3;4;
ima446;0;1;4;2;
ima447;0;2;4;4;
ima449;1;0;3;4;
ima451;2;4;4;0;
ima452;0;3;4;2;
ima453;0;3;3;0;
ima454;2;4;4;0;
ima456;0;1;4;2;
ima457;0;2;4;0;
ima458;2;4;4;0;
ima459;0;1;4;2;
ima462;0;4;1;0;
ima463;3;4;1;0;
ima464;0;0;4;3;
ima467;1;4;3;0;
ima468;3;4;1;0;
ima469;2;0;4;3;
ima470;2;4;4;0;
ima471;4;4;3;0;
ima473;0;1;4;4;
ima474;4;2;0;1;
ima478;0;4;4;2;
ima479;4;1;4;2;
ima481;2;4;4;0;
ima482;0;4;2;0;
ima483;0;4;4;2;
ima484;1;4;3;0;
ima488;0;2;4;0;
ima489;0;2;4;0;
ima491;2;0;3;0;
ima492;0;2;1;4;
ima494;0;1;4;3;
ima495;0;0;2;4;
ima497;0;0;4;3;
ima498;2;4;4;0;
ima499;0;3;4;1;
ima500;0;1;4;0;
ima502;0;4;2;0;
ima503;2;4;0;1;
ima504;3;4;2;0;
ima505;0;1;4;3;
ima506;2;4;4;2;
ima507;2;4;1;0;
ima508;2;4;4;1;
ima509;0;4;2;0;
ima510;0;3;4;1;
ima511;1;0;3;4;
ima512;2;4;4;0;
ima513;2;0;3;4;
ima515;0;0;3;4;
ima516;1;4;2;0;
ima517;0;4;4;2;
ima518;2;4;2;0;
ima519;2;0;4;4;
ima520;0;4;4;1;
ima521;1;4;3;0;
ima522;1;0;3;4;
ima525;0;1;2;4;
ima526;0;2;4;2;
ima528;0;0;4;2;
ima529;0;0;4;2;
ima530;0;4;4;2;
ima531;2;4;4;1;
ima533;1;0;2;4;
ima534;0;1;2;4;
ima535;0;0;4;2;
ima536;0;4;2;0;
ima537;0;3;4;1;
ima538;1;0;4;4;
ima539;2;4;3;0;
ima540;0;0;4;2;
ima542;0;0;2;4;
ima543;1;4;2;0;
ima545;0;2;4;0;
ima546;2;4;3;4;
ima547;0;2;4;0;
ima548;0;2;4;4;
ima549;0;2;3;4;
ima550;0;2;4;3;
ima551;0;2;4;3;
ima552;4;4;3;0;
ima553;2;4;0;0;
ima554;0;3;4;0;
ima555;0;1;4;4;
ima556;0;4;2;0;
ima557;4;2;1;0;
ima558;0;4;3;4;
ima559;0;4;0;1;
ima560;1;4;4;4;
ima561;0;0;2;4;
ima562;0;0;4;3;
ima563;3;0;4;4;
ima564;0;3;4;2;
ima565;0;4;1;0;
ima566;2;4;0;0;
ima567;3;4;1;0;
ima568;0;4;3;0;
ima569;2;0;4;2;
ima572;0;4;3;0;
ima573;1;0;4;4;
ima574;1;0;4;4;
ima575;1;4;4;0;
ima576;0;3;4;1;
ima577;0;4;2;0;
ima578;0;0;3;4;
ima579;0;2;4;4;
ima580;3;4;4;4;
ima581;0;2;4;4;
ima582;3;4;4;0;
ima584;0;0;4;1;
ima585;1;4;2;0;
ima586;1;0;4;1;
ima588;0;1;4;2;
ima589;0;0;1;0;
ima590;1;0;2;0;
ima591;0;2;4;3;
ima592;2;0;4;4;
ima593;1;4;0;1;
ima594;2;0;4;3;
ima595;0;3;4;4;
ima596;0;1;2;0;
ima597;0;2;4;0;
ima598;0;3;1;0;
ima600;1;0;4;1;
ima601;0;0;3;4;
ima603;1;4;4;2;
ima604;0;4;1;0;
ima605;0;3;4;2;
ima606;0;1;4;2;
ima607;0;2;4;0;
ima608;1;4;4;2;
ima610;0;0;4;1;
ima611;3;4;4;1;
ima612;2;4;1;0;
ima613;2;4;4;0;
ima614;0;2;3;0;
ima615;0;3;4;4;
ima616;0;0;4;2;
ima618;2;4;1;0;
ima619;4;4;4;3;
ima621;1;4;4;4;
ima623;0;2;2;0;
ima624;0;0;4;0;
ima625;2;0;4;4;
ima626;0;3;4;2;
ima627;0;2;4;0;
ima628;1;4;3;4;
ima630;1;4;0;1;
ima632;0;4;4;3;
ima633;0;2;3;4;
ima634;0;2;4;1;
ima635;0;0;4;2;
ima636;0;3;4;4;
ima638;0;4;4;0;
ima639;2;0;3;0;
ima640;2;0;4;4;
ima641;0;0;4;2;
ima642;1;4;2;0;
ima643;1;0;4;0;
ima644;0;3;4;2;
ima645;0;4;2;0;
ima646;3;4;3;0;
ima647;0;1;1;4;
ima649;2;4;3;0;
ima652;0;3;4;2;
ima654;2;0;4;4;
ima655;2;4;4;1;
ima656;0;4;2;0;
ima658;0;2;4;0;
ima659;0;2;4;1;
ima663;2;4;0;0;
ima664;0;2;4;4;
ima665;0;3;4;2;
ima667;4;3;4;0;
ima669;0;2;4;3;
ima671;0;3;2;0;
ima672;1;4;3;0;
ima673;0;2;3;0;
ima674;0;2;4;1;
ima675;1;4;4;0;
ima681;0;1;2;4;
ima682;0;2;4;1;
ima683;0;4;4;2;
ima684;0;1;4;0;
ima685;3;4;0;0;
ima686;0;3;4;1;
ima687;0;2;4;4;
ima688;0;3;3;0;
ima689;1;0;2;0;
ima690;1;4;0;0;
ima691;0;3;2;0;
ima693;4;0;3;0;
ima694;3;4;0;0;
ima695;2;4;1;0;
ima696;4;2;0;1;
ima697;0;1;4;3;
ima698;4;4;2;0;
ima699;2;4;0;1;
ima700;0;1;4;0;
ima701;3;4;2;0;
ima706;1;4;0;0;
ima707;0;2;4;4;
ima708;3;4;2;0;
ima711;3;4;4;0;
ima712;0;3;4;2;
ima713;2;4;4;2;
ima715;0;1;2;4;
ima716;1;4;2;0;
ima717;0;2;3;4;
ima718;0;2;4;4;
ima720;0;0;4;1;
ima721;0;3;4;2;
ima722;0;2;2;4;
ima723;4;4;3;0;
ima725;0;3;3;4;
ima727;1;0;4;4;
ima728;1;4;2;0;
ima729;0;3;4;1;
ima731;0;2;4;3;
ima732;2;4;1;0;
ima733;0;4;4;2;
ima734;3;4;1;0;
ima735;0;2;4;0;
ima736;0;1;1;4;
ima737;0;2;4;3;
ima739;0;4;4;3;
ima741;0;2;4;0;
ima742;4;3;3;0;
ima743;0;2;3;4;
ima744;2;4;4;2;
ima745;1;0;4;1;
ima747;2;4;4;1;
ima749;1;4;4;1;
ima750;2;4;3;4;
ima751;0;2;4;1;
ima752;2;4;3;0;
ima753;1;0;4;2;
ima754;0;4;4;2;
ima755;0;3;4;1;
ima757;1;4;2;0;
ima758;0;4;4;2;
ima759;0;2;4;1;
ima761;1;4;2;0;
ima762;1;4;4;2;
ima763;0;4;1;0;
ima764;0;3;4;4;
ima766;0;4;3;0;
ima768;0;2;3;0;
ima769;0;0;3;4;
ima771;0;0;4;1;
ima772;1;4;4;0;
ima773;0;3;3;4;
ima774;0;3;4;2;
ima775;0;2;4;1;
ima776;0;3;4;2;
ima777;0;0;4;1;
ima778;0;0;2;4;
ima779;2;0;4;4;
ima780;0;4;1;4;
ima782;0;3;4;2;
ima783;2;0;4;4;
ima784;0;0;4;2;
ima785;0;2;2;0;
ima786;1;4;4;1;
ima787;1;0;3;0;
ima788;4;4;3;0;
ima790;0;3;4;2;
ima791;0;4;1;0;
ima792;0;2;4;1;
ima793;0;3;2;0;
ima795;0;1;3;4;
ima797;1;0;4;1;
ima798;0;1;4;3;
ima800;0;2;4;1;
ima803;0;4;4;3;
ima804;0;1;4;0;
ima805;1;4;4;0;
ima806;0;2;4;3;
ima807;0;3;4;4;
ima808;0;3;1;0;
ima810;2;4;3;0;
ima812;0;2;2;4;
ima813;0;1;4;2;
ima816;3;0;4;4;
ima817;0;2;3;4;
ima819;0;4;4;3;
ima820;1;4;4;2;
ima821;2;4;3;0;
ima823;3;0;4;3;
ima824;0;3;4;1;
ima825;0;2;4;3;
ima826;2;4;4;2;
ima827;0;1;3;0;
ima828;1;4;2;4;
ima831;0;1;3;4;
ima832;1;0;4;2;
ima833;0;2;4;2;
ima834;4;4;0;2;
ima835;2;4;3;0;
ima836;3;4;4;0;
ima837;0;3;4;0;
ima838;0;0;4;1;
ima839;2;4;3;0;
ima840;2;0;4;3;
ima842;3;4;4;0;
ima843;0;3;4;2;
ima845;0;0;4;1;
ima846;0;4;4;2;
ima847;0;2;4;2;
ima848;0;0;4;1;
ima849;1;4;4;3;
ima850;0;1;4;2;
ima851;2;4;4;1;
ima852;0;1;4;0;
ima853;1;4;2;0;
ima854;0;1;4;3;
ima855;0;3;4;4;
ima856;3;4;2;0;
ima857;3;4;2;0;
ima858;4;4;2;0;
ima859;0;3;3;4;
ima860;2;0;4;3;
ima861;1;4;4;3;
ima862;0;2;3;0;
ima863;3;4;2;0;
ima864;0;2;4;0;
ima865;0;2;4;1;
ima866;0;2;4;4;
ima868;0;2;4;1;
ima870;0;3;2;0;
ima874;0;3;2;0;
ima875;1;4;4;2;
ima877;0;2;3;0;
ima878;0;2;3;0;
ima879;4;4;3;0;
ima881;3;0;4;3;
ima882;0;2;2;0;
ima883;0;1;4;3;
ima884;0;2;4;1;
ima887;0;4;4;3;
ima888;0;0;2;0;
ima889;0;4;1;0;
ima893;0;4;2;0;
ima894;0;1;4;0;
ima895;0;4;4;3;
ima896;4;4;3;0;
ima897;0;0;4;2;
ima899;1;4;2;0;
ima902;0;2;4;4;
ima903;1;4;0;1;
ima904;2;4;4;1;
ima905;0;4;1;0;
ima907;0;4;2;0;
ima908;0;4;2;0;
ima910;0;0;4;1;
ima911;0;4;2;0;
ima912;1;4;4;2;
ima915;1;4;0;0;
ima916;1;0;3;4;
ima917;0;1;2;4;
ima919;0;2;1;4;
ima920;2;4;4;0;
ima921;3;4;4;0;
ima926;2;4;3;0;
ima927;0;1;4;2;
ima928;0;4;4;3;
ima929;0;2;4;3;
ima930;4;1;
ima932;4;3;
ima934;0;0;1;4;
ima935;0;0;4;2;
ima936;0;3;4;4;
ima937;2;0;4;4;
ima938;0;0;2;4;
ima939;2;0;3;4;
ima941;1;4;2;0;
ima942;3;4;4;1;
ima943;3;0;4;2;
ima945;0;3;1;4;
ima946;1;0;4;1;
ima948;1;0;4;2;
ima949;1;0;4;2;
ima950;0;4;4;3;
ima953;1;4;3;0;
ima954;2;4;4;0;
ima957;2;4;4;1;
ima958;2;4;4;2;
ima959;2;4;4;0;
ima960;0;2;4;3;
ima963;0;0;4;1;
ima964;2;0;4;2;
ima965;0;2;4;1;
ima966;0;3;4;1;
ima967;0;1;4;0;
ima969;1;0;2;4;
ima970;0;3;4;2;
ima971;4;4;3;0;
ima973;2;4;4;2;
ima974;2;0;3;4;
ima975;1;4;3;0;
ima976;0;2;3;0;
ima977;0;3;4;2;
ima978;0;3;4;2;
ima979;2;4;4;4;
ima981;0;4;4;3;
ima982;0;2;3;0;
ima983;0;4;1;0;
ima984;3;4;4;1;
ima986;2;4;1;0;
ima989;0;1;4;0;
ima990;1;0;3;4;
ima993;0;3;4;3;
ima995;3;4;4;3;
ima996;0;1;4;1;
ima997;3;0;4;3;
ima998;2;4;3;0;
ima999;3;4;2;0;
ima1000;0;3;4;4;
ima1002;0;1;2;4;
ima1003;4;4;3;0;
ima1005;0;1;4;0;
ima1006;0;1;4;0;
ima1008;3;4;4;0;
ima1010;0;0;2;4;
ima1012;0;4;1;0;
ima1013;0;2;4;4;
ima1014;0;3;0;4;
ima1015;0;4;4;3;
ima1016;1;4;4;3;
ima1017;0;1;4;2;
ima1019;0;3;2;4;
ima1020;4;3;3;0;
ima1021;0;3;4;4;
ima1022;0;3;4;4;
ima1023;3;4;4;0;
ima1024;0;0;4;1;
ima1025;0;2;3;4;
ima1026;0;1;3;4;
ima1028;0;2;4;3;
ima1030;0;4;4;3;
ima1031;2;0;4;0;
ima1032;0;2;4;1;
ima1033;4;4;4;1;
ima1034;0;2;3;0;
ima1036;1;0;4;2;
ima1037;0;3;1;4;
ima1038;3;0;4;2;
ima1039;0;0;4;1;
ima1040;0;1;4;0;
ima1041;0;2;4;3;
ima1042;0;2;3;0;
ima1043;1;0;2;4;
ima1045;0;1;4;2;
ima1046;2;4;3;0;
ima1047;0;1;3;0;
ima1048;0;1;4;2;
ima1049;0;4;4;0;
ima1050;0;4;1;4;
ima1051;0;0;4;1;
ima1052;0;3;4;4;
ima1055;0;2;1;0;
ima1056;1;0;4;2;
ima1057;0;2;4;0;
ima1058;4;4;4;2;
ima1059;0;1;4;1;
ima1061;4;4;2;0;
ima1064;3;4;0;2;
ima1065;0;4;4;2;
ima1066;0;3;4;4;
ima1069;0;4;1;0;
ima1070;0;1;3;4;
ima1073;0;2;4;3;
ima1074;0;0;4;2;
ima1077;1;0;1;4;
ima1080;3;0;4;3;
ima1081;1;4;3;0;
ima1082;0;2;3;4;
ima1083;0;1;4;2;
ima1086;2;4;2;0;
ima1087;0;1;1;4;
ima1089;0;0;4;4;
ima1090;0;3;4;2;
ima1092;0;2;3;0;
ima1093;3;0;4;4;
ima1094;2;0;3;4;
ima1095;0;1;4;0;
ima1096;1;4;2;0;
ima1097;0;2;2;4;
ima1098;3;4;4;0;
ima1100;3;4;4;0;
ima1101;0;4;1;0;
ima1102;2;4;4;0;
ima1103;1;4;4;1;
ima1105;0;4;4;3;
ima1106;3;4;4;0;
ima1107;0;2;4;1;
ima1109;0;3;4;4;
ima1114;0;3;1;0;
ima1115;0;0;1;4;
ima1116;0;4;4;3;
ima1117;0;2;4;1;
ima1118;3;0;4;1;
ima1119;0;1;2;4;
ima1120;0;1;4;2;
ima1121;3;0;4;4;
ima1122;2;0;4;3;
ima1123;0;1;3;0;
ima1124;1;4;4;2;
ima1125;0;4;1;0;
ima1126;0;0;4;1;
ima1127;2;4;4;1;
ima1128;3;0;4;4;
ima1129;0;4;2;4;
ima1130;0;4;4;3;
ima1131;1;4;2;0;
ima1132;0;1;1;0;
ima1133;0;2;4;1;
ima1135;0;0;4;1;
ima1136;0;0;4;1;
ima1138;2;0;4;2;
ima1139;0;3;4;2;
ima1140;4;0;2;0;
ima1141;0;4;1;0;
ima1142;3;4;3;0;
ima1143;0;0;4;1;
ima1144;0;2;4;3;
ima1145;0;3;4;2;
ima1146;0;1;1;4;
ima1147;1;4;4;3;
ima1150;0;4;1;0;
ima1152;0;2;4;2;
ima1153;2;0;3;4;
ima1155;0;0;1;4;
ima1157;0;2;4;0;
ima1159;0;0;0;2;
ima1160;2;0;4;1;
ima1161;4;0;4;2;
ima1163;0;2;4;2;
ima1164;0;2;3;4;
ima1165;0;1;2;0;
ima1167;4;2;3;0;
ima1168;2;0;4;3;
ima1169;2;0;4;3;
ima1170;0;2;2;0;
ima1174;0;1;4;0;
ima1175;0;3;1;0;
ima1176;0;1;4;0;
ima1177;0;2;1;0;
ima1178;1;4;4;3;
ima1180;2;4;3;0;
ima1181;0;1;1;0;
ima1183;0;2;4;1;
ima1184;0;2;4;3;
ima1185;4;4;3;0;
ima1186;0;1;4;1;
ima1188;0;2;4;0;
ima1189;3;0;4;0;
ima1190;2;0;4;2;
ima1191;0;1;4;2;
ima1192;0;3;3;4;
ima1195;0;4;1;0;
ima1197;0;2;4;3;
ima1198;0;2;4;3;
ima1199;4;4;0;3;
ima1201;3;4;2;0;
ima1202;2;4;3;0;
ima1203;0;4;2;0;
ima1204;4;2;1;0;
ima1205;3;4;0;3;
